solid Default
  facet normal 0.000000e+00 0.000000e+00 1.000000e+00
    outer loop
      vertex 2.687936e+00 2.687936e+00 0.000000e+00
      vertex -2.687936e+00 2.687936e+00 0.000000e+00
      vertex -2.687936e+00 -2.687936e+00 0.000000e+00
    endloop
  endfacet
  facet normal 0.000000e+00 0.000000e+00 1.000000e+00
    outer loop
      vertex 2.687936e+00 2.687936e+00 0.000000e+00
      vertex -2.687936e+00 -2.687936e+00 0.000000e+00
      vertex 2.687936e+00 -2.687936e+00 0.000000e+00
    endloop
  endfacet
  facet normal 0.000000e+00 0.000000e+00 -1.000000e+00
    outer loop
      vertex 2.687936e+00 -2.687936e+00 1.520526e+01
      vertex -2.687936e+00 -2.687936e+00 1.520526e+01
      vertex -2.687936e+00 2.687936e+00 1.520526e+01
    endloop
  endfacet
  facet normal 0.000000e+00 0.000000e+00 -1.000000e+00
    outer loop
      vertex 2.687936e+00 -2.687936e+00 1.520526e+01
      vertex -2.687936e+00 2.687936e+00 1.520526e+01
      vertex 2.687936e+00 2.687936e+00 1.520526e+01
    endloop
  endfacet
  facet normal -7.071068e-01 -7.071068e-01 0.000000e+00
    outer loop
      vertex 5.375872e+00 5.375872e+00 3.801316e+00
      vertex 8.063808e+00 2.687936e+00 7.602631e+00
      vertex 5.375872e+00 5.375872e+00 1.140395e+01
    endloop
  endfacet
  facet normal -7.071068e-01 -7.071068e-01 0.000000e+00
    outer loop
      vertex 5.375872e+00 5.375872e+00 3.801316e+00
      vertex 5.375872e+00 5.375872e+00 1.140395e+01
      vertex 2.687936e+00 8.063808e+00 7.602631e+00
    endloop
  endfacet
  facet normal 7.071068e-01 -7.071068e-01 -4.712161e-08
    outer loop
      vertex -2.687936e+00 8.063808e+00 7.602631e+00
      vertex -5.375872e+00 5.375872e+00 1.140395e+01
      vertex -8.063808e+00 2.687936e+00 7.602631e+00
    endloop
  endfacet
  facet normal 7.071068e-01 -7.071068e-01 4.712161e-08
    outer loop
      vertex -2.687936e+00 8.063808e+00 7.602631e+00
      vertex -8.063808e+00 2.687936e+00 7.602631e+00
      vertex -5.375872e+00 5.375872e+00 3.801316e+00
    endloop
  endfacet
  facet normal -7.071068e-01 7.071068e-01 -4.712161e-08
    outer loop
      vertex 2.687936e+00 -8.063808e+00 7.602631e+00
      vertex 5.375872e+00 -5.375872e+00 1.140395e+01
      vertex 8.063808e+00 -2.687936e+00 7.602631e+00
    endloop
  endfacet
  facet normal -7.071068e-01 7.071068e-01 4.712161e-08
    outer loop
      vertex 2.687936e+00 -8.063808e+00 7.602631e+00
      vertex 8.063808e+00 -2.687936e+00 7.602631e+00
      vertex 5.375872e+00 -5.375872e+00 3.801316e+00
    endloop
  endfacet
  facet normal 7.071068e-01 7.071068e-01 0.000000e+00
    outer loop
      vertex -5.375872e+00 -5.375872e+00 3.801316e+00
      vertex -8.063808e+00 -2.687936e+00 7.602631e+00
      vertex -5.375872e+00 -5.375872e+00 1.140395e+01
    endloop
  endfacet
  facet normal 7.071068e-01 7.071068e-01 0.000000e+00
    outer loop
      vertex -5.375872e+00 -5.375872e+00 3.801316e+00
      vertex -5.375872e+00 -5.375872e+00 1.140395e+01
      vertex -2.687936e+00 -8.063808e+00 7.602631e+00
    endloop
  endfacet
  facet normal 0.000000e+00 8.164966e-01 -5.773503e-01
    outer loop
      vertex 0.000000e+00 -5.375872e+00 1.140395e+01
      vertex 5.375872e+00 -5.375872e+00 1.140395e+01
      vertex 2.687936e+00 -8.063808e+00 7.602631e+00
    endloop
  endfacet
  facet normal 0.000000e+00 8.164966e-01 -5.773503e-01
    outer loop
      vertex 0.000000e+00 -5.375872e+00 1.140395e+01
      vertex 2.687936e+00 -8.063808e+00 7.602631e+00
      vertex -2.687936e+00 -8.063808e+00 7.602631e+00
    endloop
  endfacet
  facet normal 0.000000e+00 8.164966e-01 -5.773503e-01
    outer loop
      vertex 0.000000e+00 -5.375872e+00 1.140395e+01
      vertex -2.687936e+00 -8.063808e+00 7.602631e+00
      vertex -5.375872e+00 -5.375872e+00 1.140395e+01
    endloop
  endfacet
  facet normal 0.000000e+00 8.164966e-01 -5.773503e-01
    outer loop
      vertex 0.000000e+00 -5.375872e+00 1.140395e+01
      vertex -5.375872e+00 -5.375872e+00 1.140395e+01
      vertex -2.687936e+00 -2.687936e+00 1.520526e+01
    endloop
  endfacet
  facet normal 0.000000e+00 8.164966e-01 -5.773503e-01
    outer loop
      vertex 0.000000e+00 -5.375872e+00 1.140395e+01
      vertex -2.687936e+00 -2.687936e+00 1.520526e+01
      vertex 2.687936e+00 -2.687936e+00 1.520526e+01
    endloop
  endfacet
  facet normal 0.000000e+00 8.164966e-01 -5.773503e-01
    outer loop
      vertex 0.000000e+00 -5.375872e+00 1.140395e+01
      vertex 2.687936e+00 -2.687936e+00 1.520526e+01
      vertex 5.375872e+00 -5.375872e+00 1.140395e+01
    endloop
  endfacet
  facet normal 0.000000e+00 8.164966e-01 5.773503e-01
    outer loop
      vertex 0.000000e+00 -5.375872e+00 3.801316e+00
      vertex 2.687936e+00 -2.687936e+00 0.000000e+00
      vertex -2.687936e+00 -2.687936e+00 0.000000e+00
    endloop
  endfacet
  facet normal 0.000000e+00 8.164966e-01 5.773503e-01
    outer loop
      vertex 0.000000e+00 -5.375872e+00 3.801316e+00
      vertex -2.687936e+00 -2.687936e+00 0.000000e+00
      vertex -5.375872e+00 -5.375872e+00 3.801316e+00
    endloop
  endfacet
  facet normal 0.000000e+00 8.164966e-01 5.773503e-01
    outer loop
      vertex 0.000000e+00 -5.375872e+00 3.801316e+00
      vertex -5.375872e+00 -5.375872e+00 3.801316e+00
      vertex -2.687936e+00 -8.063808e+00 7.602631e+00
    endloop
  endfacet
  facet normal 0.000000e+00 8.164966e-01 5.773503e-01
    outer loop
      vertex 0.000000e+00 -5.375872e+00 3.801316e+00
      vertex -2.687936e+00 -8.063808e+00 7.602631e+00
      vertex 2.687936e+00 -8.063808e+00 7.602631e+00
    endloop
  endfacet
  facet normal 0.000000e+00 8.164966e-01 5.773503e-01
    outer loop
      vertex 0.000000e+00 -5.375872e+00 3.801316e+00
      vertex 2.687936e+00 -8.063808e+00 7.602631e+00
      vertex 5.375872e+00 -5.375872e+00 3.801316e+00
    endloop
  endfacet
  facet normal 0.000000e+00 8.164966e-01 5.773503e-01
    outer loop
      vertex 0.000000e+00 -5.375872e+00 3.801316e+00
      vertex 5.375872e+00 -5.375872e+00 3.801316e+00
      vertex 2.687936e+00 -2.687936e+00 0.000000e+00
    endloop
  endfacet
  facet normal 0.000000e+00 -8.164966e-01 -5.773503e-01
    outer loop
      vertex 0.000000e+00 5.375872e+00 1.140395e+01
      vertex 2.687936e+00 2.687936e+00 1.520526e+01
      vertex -2.687936e+00 2.687936e+00 1.520526e+01
    endloop
  endfacet
  facet normal -0.000000e+00 -8.164966e-01 -5.773503e-01
    outer loop
      vertex 0.000000e+00 5.375872e+00 1.140395e+01
      vertex -2.687936e+00 2.687936e+00 1.520526e+01
      vertex -5.375872e+00 5.375872e+00 1.140395e+01
    endloop
  endfacet
  facet normal -0.000000e+00 -8.164966e-01 -5.773503e-01
    outer loop
      vertex 0.000000e+00 5.375872e+00 1.140395e+01
      vertex -5.375872e+00 5.375872e+00 1.140395e+01
      vertex -2.687936e+00 8.063808e+00 7.602631e+00
    endloop
  endfacet
  facet normal 0.000000e+00 -8.164966e-01 -5.773503e-01
    outer loop
      vertex 0.000000e+00 5.375872e+00 1.140395e+01
      vertex -2.687936e+00 8.063808e+00 7.602631e+00
      vertex 2.687936e+00 8.063808e+00 7.602631e+00
    endloop
  endfacet
  facet normal 0.000000e+00 -8.164966e-01 -5.773503e-01
    outer loop
      vertex 0.000000e+00 5.375872e+00 1.140395e+01
      vertex 2.687936e+00 8.063808e+00 7.602631e+00
      vertex 5.375872e+00 5.375872e+00 1.140395e+01
    endloop
  endfacet
  facet normal 0.000000e+00 -8.164966e-01 -5.773503e-01
    outer loop
      vertex 0.000000e+00 5.375872e+00 1.140395e+01
      vertex 5.375872e+00 5.375872e+00 1.140395e+01
      vertex 2.687936e+00 2.687936e+00 1.520526e+01
    endloop
  endfacet
  facet normal 0.000000e+00 -8.164966e-01 5.773503e-01
    outer loop
      vertex 0.000000e+00 5.375872e+00 3.801316e+00
      vertex 5.375872e+00 5.375872e+00 3.801316e+00
      vertex 2.687936e+00 8.063808e+00 7.602631e+00
    endloop
  endfacet
  facet normal 0.000000e+00 -8.164966e-01 5.773503e-01
    outer loop
      vertex 0.000000e+00 5.375872e+00 3.801316e+00
      vertex 2.687936e+00 8.063808e+00 7.602631e+00
      vertex -2.687936e+00 8.063808e+00 7.602631e+00
    endloop
  endfacet
  facet normal 0.000000e+00 -8.164966e-01 5.773503e-01
    outer loop
      vertex 0.000000e+00 5.375872e+00 3.801316e+00
      vertex -2.687936e+00 8.063808e+00 7.602631e+00
      vertex -5.375872e+00 5.375872e+00 3.801316e+00
    endloop
  endfacet
  facet normal 0.000000e+00 -8.164966e-01 5.773503e-01
    outer loop
      vertex 0.000000e+00 5.375872e+00 3.801316e+00
      vertex -5.375872e+00 5.375872e+00 3.801316e+00
      vertex -2.687936e+00 2.687936e+00 0.000000e+00
    endloop
  endfacet
  facet normal 0.000000e+00 -8.164966e-01 5.773503e-01
    outer loop
      vertex 0.000000e+00 5.375872e+00 3.801316e+00
      vertex -2.687936e+00 2.687936e+00 0.000000e+00
      vertex 2.687936e+00 2.687936e+00 0.000000e+00
    endloop
  endfacet
  facet normal 0.000000e+00 -8.164966e-01 5.773503e-01
    outer loop
      vertex 0.000000e+00 5.375872e+00 3.801316e+00
      vertex 2.687936e+00 2.687936e+00 0.000000e+00
      vertex 5.375872e+00 5.375872e+00 3.801316e+00
    endloop
  endfacet
  facet normal -8.164966e-01 0.000000e+00 5.773503e-01
    outer loop
      vertex 5.375872e+00 0.000000e+00 3.801316e+00
      vertex 5.375872e+00 -5.375872e+00 3.801316e+00
      vertex 8.063808e+00 -2.687936e+00 7.602631e+00
    endloop
  endfacet
  facet normal -8.164966e-01 0.000000e+00 5.773503e-01
    outer loop
      vertex 5.375872e+00 0.000000e+00 3.801316e+00
      vertex 8.063808e+00 -2.687936e+00 7.602631e+00
      vertex 8.063808e+00 2.687936e+00 7.602631e+00
    endloop
  endfacet
  facet normal -8.164966e-01 0.000000e+00 5.773503e-01
    outer loop
      vertex 5.375872e+00 0.000000e+00 3.801316e+00
      vertex 8.063808e+00 2.687936e+00 7.602631e+00
      vertex 5.375872e+00 5.375872e+00 3.801316e+00
    endloop
  endfacet
  facet normal -8.164966e-01 0.000000e+00 5.773503e-01
    outer loop
      vertex 5.375872e+00 0.000000e+00 3.801316e+00
      vertex 5.375872e+00 5.375872e+00 3.801316e+00
      vertex 2.687936e+00 2.687936e+00 0.000000e+00
    endloop
  endfacet
  facet normal -8.164966e-01 0.000000e+00 5.773503e-01
    outer loop
      vertex 5.375872e+00 0.000000e+00 3.801316e+00
      vertex 2.687936e+00 2.687936e+00 0.000000e+00
      vertex 2.687936e+00 -2.687936e+00 0.000000e+00
    endloop
  endfacet
  facet normal -8.164966e-01 0.000000e+00 5.773503e-01
    outer loop
      vertex 5.375872e+00 0.000000e+00 3.801316e+00
      vertex 2.687936e+00 -2.687936e+00 0.000000e+00
      vertex 5.375872e+00 -5.375872e+00 3.801316e+00
    endloop
  endfacet
  facet normal -8.164966e-01 0.000000e+00 -5.773503e-01
    outer loop
      vertex 5.375872e+00 0.000000e+00 1.140395e+01
      vertex 2.687936e+00 -2.687936e+00 1.520526e+01
      vertex 2.687936e+00 2.687936e+00 1.520526e+01
    endloop
  endfacet
  facet normal -8.164966e-01 0.000000e+00 -5.773503e-01
    outer loop
      vertex 5.375872e+00 0.000000e+00 1.140395e+01
      vertex 2.687936e+00 2.687936e+00 1.520526e+01
      vertex 5.375872e+00 5.375872e+00 1.140395e+01
    endloop
  endfacet
  facet normal -8.164966e-01 0.000000e+00 -5.773503e-01
    outer loop
      vertex 5.375872e+00 0.000000e+00 1.140395e+01
      vertex 5.375872e+00 5.375872e+00 1.140395e+01
      vertex 8.063808e+00 2.687936e+00 7.602631e+00
    endloop
  endfacet
  facet normal -8.164966e-01 0.000000e+00 -5.773503e-01
    outer loop
      vertex 5.375872e+00 0.000000e+00 1.140395e+01
      vertex 8.063808e+00 2.687936e+00 7.602631e+00
      vertex 8.063808e+00 -2.687936e+00 7.602631e+00
    endloop
  endfacet
  facet normal -8.164966e-01 -0.000000e+00 -5.773503e-01
    outer loop
      vertex 5.375872e+00 0.000000e+00 1.140395e+01
      vertex 8.063808e+00 -2.687936e+00 7.602631e+00
      vertex 5.375872e+00 -5.375872e+00 1.140395e+01
    endloop
  endfacet
  facet normal -8.164966e-01 -0.000000e+00 -5.773503e-01
    outer loop
      vertex 5.375872e+00 0.000000e+00 1.140395e+01
      vertex 5.375872e+00 -5.375872e+00 1.140395e+01
      vertex 2.687936e+00 -2.687936e+00 1.520526e+01
    endloop
  endfacet
  facet normal 8.164966e-01 0.000000e+00 5.773503e-01
    outer loop
      vertex -5.375872e+00 0.000000e+00 3.801316e+00
      vertex -2.687936e+00 -2.687936e+00 0.000000e+00
      vertex -2.687936e+00 2.687936e+00 0.000000e+00
    endloop
  endfacet
  facet normal 8.164966e-01 0.000000e+00 5.773503e-01
    outer loop
      vertex -5.375872e+00 0.000000e+00 3.801316e+00
      vertex -2.687936e+00 2.687936e+00 0.000000e+00
      vertex -5.375872e+00 5.375872e+00 3.801316e+00
    endloop
  endfacet
  facet normal 8.164966e-01 0.000000e+00 5.773503e-01
    outer loop
      vertex -5.375872e+00 0.000000e+00 3.801316e+00
      vertex -5.375872e+00 5.375872e+00 3.801316e+00
      vertex -8.063808e+00 2.687936e+00 7.602631e+00
    endloop
  endfacet
  facet normal 8.164966e-01 0.000000e+00 5.773503e-01
    outer loop
      vertex -5.375872e+00 0.000000e+00 3.801316e+00
      vertex -8.063808e+00 2.687936e+00 7.602631e+00
      vertex -8.063808e+00 -2.687936e+00 7.602631e+00
    endloop
  endfacet
  facet normal 8.164966e-01 0.000000e+00 5.773503e-01
    outer loop
      vertex -5.375872e+00 0.000000e+00 3.801316e+00
      vertex -8.063808e+00 -2.687936e+00 7.602631e+00
      vertex -5.375872e+00 -5.375872e+00 3.801316e+00
    endloop
  endfacet
  facet normal 8.164966e-01 0.000000e+00 5.773503e-01
    outer loop
      vertex -5.375872e+00 0.000000e+00 3.801316e+00
      vertex -5.375872e+00 -5.375872e+00 3.801316e+00
      vertex -2.687936e+00 -2.687936e+00 0.000000e+00
    endloop
  endfacet
  facet normal 8.164966e-01 0.000000e+00 -5.773503e-01
    outer loop
      vertex -5.375872e+00 0.000000e+00 1.140395e+01
      vertex -5.375872e+00 -5.375872e+00 1.140395e+01
      vertex -8.063808e+00 -2.687936e+00 7.602631e+00
    endloop
  endfacet
  facet normal 8.164966e-01 0.000000e+00 -5.773503e-01
    outer loop
      vertex -5.375872e+00 0.000000e+00 1.140395e+01
      vertex -8.063808e+00 -2.687936e+00 7.602631e+00
      vertex -8.063808e+00 2.687936e+00 7.602631e+00
    endloop
  endfacet
  facet normal 8.164966e-01 0.000000e+00 -5.773503e-01
    outer loop
      vertex -5.375872e+00 0.000000e+00 1.140395e+01
      vertex -8.063808e+00 2.687936e+00 7.602631e+00
      vertex -5.375872e+00 5.375872e+00 1.140395e+01
    endloop
  endfacet
  facet normal 8.164966e-01 0.000000e+00 -5.773503e-01
    outer loop
      vertex -5.375872e+00 0.000000e+00 1.140395e+01
      vertex -5.375872e+00 5.375872e+00 1.140395e+01
      vertex -2.687936e+00 2.687936e+00 1.520526e+01
    endloop
  endfacet
  facet normal 8.164966e-01 0.000000e+00 -5.773503e-01
    outer loop
      vertex -5.375872e+00 0.000000e+00 1.140395e+01
      vertex -2.687936e+00 2.687936e+00 1.520526e+01
      vertex -2.687936e+00 -2.687936e+00 1.520526e+01
    endloop
  endfacet
  facet normal 8.164966e-01 0.000000e+00 -5.773503e-01
    outer loop
      vertex -5.375872e+00 0.000000e+00 1.140395e+01
      vertex -2.687936e+00 -2.687936e+00 1.520526e+01
      vertex -5.375872e+00 -5.375872e+00 1.140395e+01
    endloop
  endfacet
endsolid Default
